-1.125962190818989850e+00
-1.366921663274421661e+00
-1.497572501657861155e+00
-1.751686514719304810e+00
-1.208073867859277506e+00
-1.580752558585061029e+00
-1.990868600116243670e+00
-1.931427976424313409e+00
-1.952003618646390715e+00
-1.614491192620207238e+00
-1.150911194430984885e+00
-1.153368880562235077e+00
-1.658768132425908703e+00
-1.416621678251436478e+00
-1.694328816503136936e+00
-1.173390643509969244e+00
-1.557318421276309817e+00
-1.560997933594475917e+00
-1.908003544457166800e+00
-9.979547375982196211e-01
-1.448662533696678523e+00
-1.109640755021310987e+00
-1.988843682128522028e+00
-1.949355302013348279e+00
-1.638158690718261035e+00
-1.281334083335615048e+00
-1.800921826600364373e+00
-1.117674972083707807e+00
-1.573128012580334856e+00
-1.820092792426407646e+00
-1.888429992239629263e+00
-1.339931285313188170e+00
-1.638457432090663080e+00
-1.853636115796138961e+00
-1.693504322472714207e+00
-1.386073334899415865e+00
-1.508943251383425332e+00
-1.291763014241778418e+00
-1.495714464458526294e+00
-1.840603301617936172e+00
-1.637257762201842048e+00
-1.421829280676596419e+00
-1.414730094181532394e+00
-1.875502259758753176e+00
-1.765829554772921695e+00
-1.338458444268356473e+00
-1.579124661236526617e+00
-1.166321616243260806e+00
-1.565197513489619441e+00
-1.495774916550925315e+00
-1.289573889682059438e+00
-1.661826092260900944e+00
-1.764647015378927764e+00
-1.704605007054485810e+00
-1.362419081528037701e+00
-1.227697688371858664e+00
-1.267118943351555949e+00
-1.485791311379418334e+00
-1.008301111699284380e+00
-1.887021174087746944e+00
-1.120537446899403378e+00
-1.068418935166160377e+00
-1.170227230844077315e+00
-1.843313830797154385e+00
-1.910316356640704427e+00
-1.569321699146759119e+00
-1.848373042261158616e+00
-1.840058856636910267e+00
-1.333997141089450000e+00
-1.696897022883114170e+00
-1.789308031744017757e+00
-1.837178632292826963e+00
-1.405071326131352105e+00
-1.094687365398501644e+00
-1.530218164602451081e+00
-1.295341027450278570e+00
-1.583465901007769627e+00
-1.639579449917238252e+00
-1.841890561822437489e+00
-1.685105504053309167e+00
-1.000958862713836606e+00
-1.155189370592663689e+00
-1.907177641087336672e+00
-1.062956223679381917e+00
-1.286083600598716181e+00
-1.535313785225148608e+00
-1.250973450654482289e+00
-1.133313185032824855e+00
-1.605405782626920574e+00
-1.708390831654846842e+00
-1.796788640079105770e+00
-1.849411271720774019e+00
-1.631432744510376232e+00
-1.402794986010340583e+00
-1.171418574617091313e+00
-1.496467973553405439e+00
-1.279912504396704787e+00
-1.419498287615855503e+00
-1.622392116314364863e+00
-1.058135831306462382e+00
-1.388819948822730410e+00
-1.422609760127135914e+00
-1.457467928370929755e+00
-1.171491247390207047e+00
-1.199814208730674459e+00
-1.561227308837259242e+00
-1.871957990269862426e+00
-1.097561834879659415e+00
-1.153174230949855161e+00
-1.213289161734099952e+00
-1.230260280440927279e+00
-1.476660764877089971e+00
-1.758514493311428062e+00
-1.135265079077589334e+00
-1.919989124979649242e+00
-1.076634321803823457e+00
-1.733302292141622347e+00
-1.942345776131612523e+00
-1.760548461437697387e+00
-1.334276504125428087e+00
-1.233216184629582823e+00
-1.580683898754488004e+00
-1.545687026314219059e+00
-1.144462823216863878e+00
-1.319473480029025314e+00
-1.056699958132082617e+00
-1.771876359956000790e+00
-1.960584231926154164e+00
-1.661517119962753863e+00
-1.851407335228367312e+00
-1.097044993268510460e+00
-1.115002887588672831e+00
-1.969552257098942993e+00
-1.136540018127313978e+00
-1.754555161005554753e+00
-1.273082328979231015e+00
-1.958924694086322082e+00
-1.013199928244080894e+00
-1.003674313937791496e+00
-1.627565565212943488e+00
-1.236736741838253550e+00
-1.299216617528254236e+00
-1.900689144675935527e+00
-1.564144509679329387e+00
-1.468328957773876065e+00
-1.482373130255373095e+00
-1.182737685525570015e+00
-1.302191908980097068e+00
-1.091620728119221173e+00
-1.410969539421361052e+00
-1.834575734012810377e+00
-1.143441924853457525e+00
-1.438576103301677289e+00
-1.861204068715111459e+00
-1.835012221874266158e+00
-1.484424728641248858e+00
-1.914379977500728414e+00
-1.062936897903750122e+00
-1.047475534579298984e+00
-1.406856486663238925e+00
-1.729787545887573996e+00
-1.662604339966378797e+00
-1.236805572775360407e+00
-1.861159166033804491e+00
-1.642871493534790783e+00
-1.320436777655376037e+00
-1.452126454366915009e+00
-1.500112743307959517e+00
-1.791090144649845506e+00
-1.261769837258771343e+00
-1.179233177825499634e+00
-1.199858335905014783e+00
-1.353490608597909262e+00
-1.342960379969368123e+00
-1.614086353256600104e+00
-1.893005587895643327e+00
-1.775156362531489673e+00
-1.640156404735738649e+00
-1.806409198651153902e+00
-1.734332546717716639e+00
-1.743975342252841010e+00
-1.954045263972864266e+00
-1.491563470135566893e+00
-1.824292566803468407e+00
-1.350002881991814618e+00
-1.403218498485260479e+00
-1.152348474141696499e+00
-1.906008032576149924e+00
-1.042717301353178083e+00
-1.310671302066701571e+00
-1.705128357850467236e+00
-1.696651390492405431e+00
-1.976971105696236686e+00
-1.786350804466565245e+00
-1.106060583637642925e+00
-1.857843154015842879e+00
-1.896163272049399495e+00
-1.421324941276080001e+00
-1.098281611080425435e+00
-1.956018005763212386e+00
-1.344781738000470739e+00
-1.513109537819085748e+00
-1.302306776148083767e+00
-1.347597752006851834e+00
-1.825087375197646189e+00
-1.232337357106401576e+00
-1.632594416588797781e+00
-1.381962291435539392e+00
-1.238874506730417657e+00
-1.283723404803955415e+00
-1.119555968457553785e+00
-1.248379169530085875e+00
-1.801417543971355117e+00
-1.018493336121277792e+00
-1.432199044007331779e+00
-1.814166380150044500e+00
-1.538955560242382337e+00
-1.615731210045533661e+00
-1.458773234170506194e+00
-1.311580733220897965e+00
-1.331937928935189142e+00
-1.988748496559806789e+00
-1.399487923241532261e+00
-1.310009729156615954e+00
-1.148380845468100819e+00
-1.337445934076210818e+00
-1.362604290512817951e+00
-1.404498067271291450e+00
-1.304705503927622523e+00
-1.917476429306474994e+00
-1.813017403508713432e+00
-1.211755815327060226e+00
-1.508256789406288378e+00
-1.875010491283025216e+00
-1.312157442961360498e+00
-1.483890787166385117e+00
-1.834783368600715336e+00
-1.016017103159381207e+00
-1.783123343619504420e+00
-1.994567341082460699e+00
-1.929127544103716563e+00
-1.498640358291195351e+00
-1.015163544517745375e+00
-1.868480901215461953e+00
-1.181282574152800802e+00
-1.475916482288026854e+00
-1.339951012704579725e+00
-1.948287659747371059e+00
-1.013381302284536378e+00
-1.150572053148125828e+00
-1.478302783601639137e+00
-1.694797413461681446e+00
-1.035796447690172428e+00
-1.549656380617276508e+00
-1.293919102316837932e+00
-1.167073072379130938e+00
