-9.463144725670125101e-01
-5.000265838041083599e-01
-3.650922343532270742e-01
-7.038160352011777476e-01
-6.664137403823833239e-01
-4.983381636738825060e-01
-8.530951978580980644e-01
-4.758530049514650417e-01
-8.624576519649850281e-01
-6.334435809971383780e-01
-4.650903789686851031e-01
-2.651216389214800517e-01
-7.295894207517868990e-01
-1.600839142193262732e-01
-5.687844567409826579e-01
-5.098564037757301604e-01
-2.728026627304686591e-01
-9.395715298172825358e-01
-1.045163563494941467e-01
-6.980680335028881522e-01
-1.482630555322546617e-01
-1.305217624491457618e-01
-4.499902072847962176e-01
-3.300316391388463666e-01
-2.663328027949283805e-01
-3.869807380856175039e-01
-2.346306416971555564e-01
-7.111693826749510006e-01
-1.012389320342144572e+00
-8.304735132613534354e-01
-5.075642772577001471e-01
-6.814521723875761605e-01
-8.384573572858166068e-01
-3.043102115652133732e-01
-1.008670539570067248e+00
-4.059488838308957792e-01
-6.527231726154751890e-01
-4.494437933184178280e-01
-2.751681928985688086e-01
-4.754540702676906538e-01
-1.114201039702395341e-01
-7.991229448594863172e-01
-1.010841343888874810e+00
-7.199456169128116700e-01
-9.499750818025273214e-01
-9.824655536807412881e-01
-8.604873309210372412e-01
-5.397274571326901027e-01
-9.070556024126639194e-01
-6.372189603659943469e-01
-1.053168143521130279e-01
-5.353591287974081014e-01
-3.267962582773440428e-01
-2.706129658074927780e-01
-5.933609155325910711e-01
-6.547429423793997838e-01
-1.021958166297367576e+00
-4.367168492813679470e-01
-8.709326669070861504e-01
-1.241898179449966860e-01
-6.103986261450368156e-01
-4.479693905870182902e-01
-7.667231638980629427e-01
-4.051895607561042389e-01
-4.550607015799432720e-01
-9.791484209963496887e-01
-1.694622286869907624e-01
-1.013215346860957045e+00
-2.719046966746718197e-01
-3.699104632767987177e-01
-7.426913388491128698e-01
-8.839585896142770904e-01
-4.560624711773486051e-01
-9.596533486491536369e-01
-1.916981793045170468e-01
-3.506221104587614601e-01
-8.342384563599529734e-01
-1.268098481807102273e-01
-4.374146266342187062e-01
-7.421255022907429222e-01
-9.682346552727253419e-01
-4.497653376005406045e-01
-1.079852868806416843e+00
-5.895274510353450959e-01
-1.073730905692606846e-01
-4.830844184334511238e-01
-1.019950263789386913e+00
-3.303632401490345094e-01
-7.671884400935764514e-01
-8.044979217461656340e-01
-9.898355607583514404e-01
-8.483557611528446118e-01
-3.660574431451100175e-01
-5.177927486055636797e-01
-2.703977496326020469e-01
-4.413895752924487659e-01
-4.895295604325301531e-01
-2.862320755431950192e-01
-9.579183008581125813e-01
-9.430912562002464750e-01
-4.808451294615648242e-01
-6.414540135098419915e-01
-8.022802979155855274e-01
-9.774699161653567225e-01
-7.778096607435706078e-01
-2.759912407810351520e-01
-1.733236488693300215e-01
-5.828269659366985822e-01
-3.420150350326823241e-01
-3.888481225971220923e-01
-1.032295537430485410e+00
-6.499173193147336214e-01
-5.039368665009370529e-01
-3.950921828060405261e-01
-6.459904671254758091e-01
-5.317751486609968437e-01
-1.004441215953348454e+00
-1.020419572289219978e+00
-5.275267500811503529e-01
-5.542329816890129157e-01
-5.570219475306951162e-01
-1.008444808353665678e+00
-4.675111539998708654e-01
-9.875316156507822907e-01
-8.949434173983242813e-01
-1.018830357756467020e+00
-2.827506787671679178e-01
-1.041074692389102108e+00
-2.927690437650579125e-01
-5.844272647934541931e-01
-8.880442739517927508e-01
-1.575365861040562143e-01
-8.881206472528714313e-01
-5.960813571487130202e-01
-9.432013898112666661e-01
-1.061656896804946015e+00
-4.101590723729521271e-01
-1.400228650828307664e-01
-1.203238349998309309e-01
-4.920428594681561796e-01
-1.035348433354676079e+00
-4.968909996724633626e-01
-8.481428297531432570e-01
-1.005845528225856711e+00
-9.491344001007598896e-01
-4.788504317690617795e-01
-4.089780437551986392e-01
-6.721088277849237569e-01
-3.377962520367007726e-01
-3.420494864311992012e-01
-4.757025963103430621e-01
-6.673434369459847471e-01
-5.593638710779135215e-01
-3.102497056383188290e-01
-4.562861941859326920e-01
-2.858066821504030020e-01
-3.304954432882432624e-01
-1.496183287648067406e-01
-3.865077603789237037e-01
-5.913525885934672877e-01
-8.840328149813213576e-01
-7.378854833012989944e-01
-2.416708440907772704e-01
-1.199641097086259628e-01
-1.342083956139464296e-01
-4.481673176974213524e-01
-3.452097575024783982e-01
-1.628698307613355156e-01
-3.018999180867511511e-01
-9.925199843200458449e-01
-8.314638728621481789e-01
-3.641080795105917645e-01
-1.041120480519386771e+00
-6.857134929626214070e-01
-1.423854823903226707e-01
-4.950671574097631478e-01
-7.781836059163665942e-01
-6.616670125205414976e-01
-2.938473545336325876e-01
-1.026783982212492674e+00
-8.825115099350585579e-01
-6.021819552475408122e-01
-6.993400755189961293e-01
-2.719934949017780990e-01
-1.502500805941560935e-01
-1.032554983414183614e+00
-1.028410797953424272e+00
-9.514155954319830633e-01
-4.486863406873094484e-01
-1.066836055178948389e-01
-1.062150865210972128e+00
-3.763752993699315819e-01
-4.312731924227167224e-01
-6.986794435018154337e-01
-3.988770104193881116e-01
-4.071522166863107972e-01
-6.477162068017183749e-01
-5.283578978356361366e-01
-8.931723533010478278e-01
-1.465159738216741947e-01
-8.352401492151479978e-01
-6.689666158616217606e-01
-4.479158736468695223e-01
-9.745716846344771866e-01
-4.772793510442501219e-01
-7.171712190121501962e-01
-6.258399808126131614e-01
-5.135992522039446451e-01
-9.143639309810440707e-01
-1.626359295159693352e-01
-6.119026280139486795e-01
-9.079572522363598130e-01
-7.783745989420993716e-01
-5.001858848091719212e-01
-2.554598396676242555e-01
-1.041408356452677264e+00
-1.088451129960831931e+00
-8.421973618906057890e-01
-2.399381775700821229e-01
-7.919179018427032757e-01
-1.063707611768367478e+00
-6.945291177962968909e-01
-1.251472318206007239e-01
-2.163912045047896027e-01
-9.196794185708165870e-01
-2.569930366329968296e-01
-1.074945081329499619e+00
-3.779921589285319405e-01
-7.764595840285386519e-01
-7.253197298096718537e-01
-4.199047023407824764e-01
-8.282398769455163734e-01
-4.126106164539846133e-01
-4.626131642101467545e-01
-9.410943380683849391e-01
-9.466639879153363468e-01
-2.908219793043353429e-01
-8.456397992018190868e-01
-6.386326394032467713e-01
-1.015841736179923682e+00
-2.070319357125693094e-01
-5.502569180103972224e-01
-7.574302018288551208e-01
-4.581644352776789719e-01
-9.668881930676979097e-01
-2.222692523774796314e-01
-3.691663525288434444e-01
-6.748291222402095224e-01
-2.735853556504538875e-01
-6.851369243082610083e-01
-3.208619035506576900e-01
-2.275304637063800817e-01
-5.508742139133430138e-01
-3.548736868166729175e-01
-3.230453052408993053e-01
-3.091941796852012980e-01
