-4.720944145878716025e-01 3.921534047054268113e-01 -2.470597450851179377e-01 1.195960162985681141e-01 -2.786718894067984897e-01 3.338402863554993938e-01 -2.292962756508743483e-01 -4.012314512771035235e-01 -4.323386546292481980e-01 4.289881302497027260e-01
-6.438798450057660328e-02 -4.180086683973300438e-02 -1.455953778801550302e-01 -1.779572571374673229e-01 2.890924346670803446e-01 -3.605311926818748347e-01 -3.602071592526645549e-02 -6.999356674791351596e-02 -2.087481325024510004e-01 -3.772355902663961924e-01
-2.098096569355318020e-01 -4.111505234677715892e-01 3.738062407754937921e-01 -4.423522075005135168e-01 -3.805603318109671007e-01 -1.703369921530747955e-01 3.969318855708502958e-01 -3.294223401500290804e-01 3.702697168568471198e-01 -4.295532411054782118e-01
-2.010356103785967963e-01 3.296907779054042975e-01 4.825606488516081538e-01 -1.284644471713630998e-01 -1.896226779078618585e-01 3.430090592602524913e-01 -3.596846376176205395e-01 5.545157445654073924e-02 2.234478778980908964e-01 6.619314578463411647e-02
6.510168244913862312e-02 4.509718433784162817e-01 4.528383471895680024e-01 4.597523319917329321e-01 -1.016465317783991906e-01 1.616121897051921164e-01 4.805695701779215678e-01 -4.059094353035419545e-02 -3.523139381932318126e-01 -3.530811916126544991e-01
-1.497639617076082785e-01 3.469023621377164135e-01 -2.410522601240549789e-01 4.128262802881968105e-03 -2.294897741028229798e-01 -1.399589957570420429e-01 -1.666012395534435531e-01 -3.329760383117157940e-01 -9.277768912380104926e-02 -3.999506331085816990e-01
-3.352723547128150794e-01 4.084482134667023479e-01 -3.676458929064603254e-01 -3.379490230371079429e-02 -3.081044881278566239e-01 -3.648278212369419071e-01 -1.379827077352100140e-01 6.804726437894649538e-02 4.705784018699946808e-02 5.910180219451749428e-02
2.827557575032662029e-01 -3.556427219926019401e-01 -3.908512371273211716e-01 -4.952859542808492055e-01 -2.060438702893268026e-01 1.244410730980592163e-02 -6.915256297330563129e-02 -1.218047617321371678e-01 -7.137253919297313620e-02 1.034859326411689817e-01
4.551482457761740208e-01 3.734286926321487843e-01 1.126731852807689137e-02 1.340644305192802317e-02 -5.254912122891967075e-01 3.268504286779359003e-01 3.901161778937843883e-01 -5.419165723667880574e-02 1.816788259708899400e-01 3.346447881154621662e-01
-2.345369249046634630e-01 4.368348433389876995e-01 -3.542354430074891591e-01 -4.293891443059137947e-01 -2.221726040822033788e-01 3.986411297323244063e-01 3.585913402797004101e-01 2.280094097253880514e-02 -2.455059197151417960e-01 1.080538581375890816e-01
-5.029996402079658369e-01 -1.087437835961127114e-01 -7.045013944358321720e-03 2.382400564414569044e-01 -5.101044201009865553e-01 2.144151524784453922e-01 1.054463771095502378e-01 -9.064765769897644571e-03 -2.555858225479050172e-01 -3.456627616547633952e-01
1.512038431824637985e-01 -2.031111102945048486e-01 2.191472050378407421e-01 1.857619114113869818e-01 -3.168443159781687557e-01 2.277727001318451405e-01 2.115231490680339055e-01 -2.015080988303663001e-01 -4.045180918244418167e-01 -2.715146226890127190e-01
-4.446490240405925887e-02 -8.191748511632145069e-02 2.147622439942964145e-01 -2.383809122681911433e-02 2.000312859456306047e-01 1.364714712292021681e-01 2.712749342902698868e-01 -1.344244617676323694e-01 -1.221691030282211626e-01 4.383855446151531110e-01
7.083969920018702571e-03 -4.872907769844868620e-01 5.232547819899934227e-01 -1.160076163517623632e-01 -4.643830721679760298e-01 -2.258146678633306606e-02 1.951606671995063380e-01 -2.022679363095905916e-02 3.340929835500834888e-01 -3.160993373291701852e-02
-2.252092033200074339e-01 -6.105812648627500366e-02 6.034091564704212596e-01 2.872165227594079551e-01 5.353311793329917911e-01 1.582516271779048356e-01 -4.190165511013683175e-01 4.421519544958790737e-02 -2.803108900590386421e-01 -5.095499488713388647e-01
-1.661361267151552357e-01 -1.219790552325870636e-01 -3.025713232470770286e-01 1.214985493016823292e-01 3.261182551668453944e-01 5.160510217519792553e-01 1.642771164729623923e-01 1.614817835898026410e-01 -1.059555103355628025e-01 -1.634436747993059935e-01
-2.739667262277196147e-01 -1.253245600653070946e-01 3.329159807083943989e-01 7.043658534935634541e-02 4.612597656688535719e-02 4.259258205891902627e-01 -5.013266297936076060e-02 3.198066015802294298e-02 3.606607576012096361e-01 3.106127962501436524e-01
-3.141351227743549024e-01 -5.568174106627195030e-01 -3.261932087195589802e-01 -3.702637064931945665e-01 -4.415561760022749388e-02 -3.038481068198011989e-02 4.233920014289863643e-01 -5.347271624119112055e-01 6.739289291604658727e-01 -3.520462550407775781e-01
-3.238506613174458870e-01 2.210600125498071375e-02 1.985446887791716686e-01 3.220621711926634489e-01 -4.627915213754275059e-01 3.686954487006264269e-01 -3.580221942664723045e-01 -1.092903156943954290e-01 -2.614068905194978365e-01 4.660223262842307368e-01
-1.800240369092571402e-01 -4.931967327567340353e-01 3.648773915745305851e-01 -1.697924292423976245e-01 -1.436356681128730384e-01 -1.149320886109105461e-01 -4.713288458055280850e-01 -3.855574790039102417e-01 8.843035069793069025e-02 2.595677070233762262e-01
1.094623745593620995e-02 7.640851391958543293e-02 3.366821923009830075e-01 4.554773441935067169e-01 3.310271437020624319e-01 -4.084104237437343743e-01 -1.479409810047992435e-01 1.830018099232499917e-01 -1.591542680937501897e-01 -5.994403912268782275e-02
-1.739782689138498831e-02 5.337321087007576015e-01 3.694551859145109862e-01 -1.806139033824868956e-01 -3.623272124289764196e-01 -5.442123639628222709e-02 9.154301027471410668e-02 -2.699378328860801424e-01 -1.379185712095804331e-02 -2.522078992741725312e-01
-3.093265416798000600e-01 3.770862928634787781e-01 -4.893491252127336044e-01 -4.005696041906013916e-01 -1.024943758691280737e-01 9.764664635429988471e-02 -1.688927351820808387e-02 4.483725556703986315e-01 4.618631307004343600e-02 -8.972657198861766492e-02
-4.975040999372749573e-01 -2.564031983992392516e-01 2.183997873502228348e-01 3.485370643659557177e-01 -4.014882475857683986e-01 -9.128322972145275216e-02 -4.392882883299248920e-01 1.800537131202144814e-01 -4.082959836490280270e-01 3.865544637424684349e-01
4.053827921123603906e-01 -2.674846474360986215e-01 1.376099652490561653e-01 -4.402835278618109083e-01 1.533206290136794880e-01 9.459898448211045974e-02 -2.233318779671106535e-01 4.403622884921715719e-01 -4.616158467993693171e-02 -1.184852374847024520e-01
-2.231011208882962837e-01 2.118934521461857956e-01 2.632892819034636234e-01 6.983811307719166306e-02 -2.143348913374625714e-02 7.222329509802996594e-02 -7.883991106875749832e-02 -3.881234103658032231e-01 -4.180829504567442068e-01 -1.218194100325319662e-01
-5.527729571083690452e-01 3.286760926572921404e-01 -5.414658962711026424e-01 -3.893598227647810939e-01 2.865971655081442360e-01 1.972495607521967953e-01 4.052195908615859321e-01 -3.265509877886998980e-01 -3.632144422943182072e-01 -3.496536147025671171e-01
3.722501494036684067e-01 5.030108250915734658e-01 -2.204070052022884946e-03 -2.037905894257936376e-02 2.038519735813535960e-01 1.913477215201943304e-01 -2.499265804916921130e-01 2.230846187942173153e-01 1.834096357150070689e-01 1.541575880246694452e-01
2.183297192628303740e-01 -3.191291954336524239e-01 -4.130172294964368218e-01 -3.381662911964029572e-01 1.980784104157709280e-01 4.054879669622447058e-01 4.283749591439271476e-01 -1.758825495180197859e-02 -4.731496184458991450e-01 -2.439933328870094176e-01
2.014650441697483918e-01 -5.435398732669542987e-01 -4.112425385256614496e-01 3.385523185765980658e-01 2.154456445496970574e-01 5.639705909298982078e-01 1.598750804822092475e-01 1.291787856100734544e-01 -1.304733072115063508e-01 8.314837379009611118e-02
4.148267039561818748e-01 6.497199631740968595e-01 3.275872169720221438e-01 -4.795753938531546190e-01 3.137594227754648135e-01 -2.762414583465018225e-01 -5.698571048961873498e-01 -5.487536440334317075e-03 1.348572309471620934e-01 3.233099845285057339e-01
8.659368482087462238e-02 2.944113681231634305e-01 -4.340560112566446693e-01 1.873750411897801560e-01 -2.454278065591044000e-01 4.053406187361578983e-01 2.981195169505262421e-01 -2.384862408231464836e-01 -2.184386315403360201e-01 2.183574480683380947e-01
-1.986260745234022518e-01 -6.933327452690716056e-03 3.388868304116698926e-01 8.682005885952576510e-03 -2.721928202101518424e-01 3.868747817306333880e-01 -4.211327128894397087e-01 -2.597352724613889371e-02 1.264086558711904895e-01 -4.769147976084805451e-01
-4.219852443330404101e-01 6.775992363563396181e-02 -2.712663542325093879e-01 4.738682635450976455e-01 -2.199459896106104873e-01 4.728293903655238495e-01 1.005233722645517136e-01 1.504168889029884881e-01 1.288278269235356432e-01 -3.422768125007887852e-01
-5.254007730334622206e-01 -9.113828685574035249e-02 -2.080052005745270868e-02 -3.642595171738628457e-01 2.989612669041015192e-01 3.508021935229946320e-01 -2.163485548412380499e-02 -2.750096049548133026e-01 -1.169793145600840217e-01 6.406241937863099700e-02
-1.026083782927337401e-01 -6.704664396434313334e-01 -3.044026909535282321e-01 -3.133459946916208883e-01 -1.792958243934198170e-01 5.693309868082514491e-01 3.168392665682812082e-01 4.624766460677650071e-01 -3.841411314896196749e-02 -2.136776938204618947e-01
-1.227159962002683236e-01 -3.523226297654730166e-02 -3.923472848221405407e-01 -1.389122609581213974e-01 -2.052398039625137616e-01 -2.466253008634019805e-01 1.162031746421460371e-01 3.449170749331170738e-01 -2.836026261329664244e-03 -3.457681048833284865e-01
-5.455711532037407774e-02 9.760745520912496309e-02 5.780402388351731785e-02 -3.987024219445075568e-01 -1.498391351156841689e-01 -2.674052379011101488e-01 -4.903562701001147883e-01 -1.212402678023369040e-01 1.535223664764457652e-01 1.129550989573696040e-01
-3.247576284335753627e-01 -2.656868496494292353e-01 4.067181949779380412e-01 4.218623345122957113e-01 2.395534533436368130e-01 -2.740007361161724275e-01 -2.425636348244924745e-01 -2.185241065331876009e-01 -1.319452421284383892e-01 -8.324542334935822185e-02
-3.266785304529793987e-01 -2.481667408553970555e-01 1.961076982700174220e-01 3.816313240634903181e-01 -4.581463372316221805e-01 4.176386046527018614e-01 -1.976543751531997795e-01 1.291510164111234482e-01 1.994251948286724918e-01 2.965827191887145942e-01
4.958972212556233550e-01 3.138495578254187346e-01 -2.884876189717621164e-01 1.451836177970637631e-01 9.246394289890601248e-02 -4.251626232007391093e-02 7.788376695987609191e-03 -1.044130892961135926e-01 -8.525549653698354102e-02 2.700018978548711646e-01
-1.796981454261297462e-01 -1.300366748601492206e-01 3.356759904865648791e-01 -1.867870063677566084e-01 5.467365244143618241e-02 5.748995672796545220e-01 -1.840147105049408927e-01 -2.698899314946150430e-01 -3.411145528216472100e-01 -4.106733325543975854e-01
-4.457244174401969738e-01 -1.837862089693747258e-01 2.088363409283663097e-01 3.007500389659537587e-01 -3.476102673234403029e-01 -2.878383294788220970e-01 3.735407812016232620e-01 2.629466035789686934e-02 1.268662796079427502e-01 -1.711296560769915709e-01
9.155147448970986368e-02 -5.970032048566502603e-01 -1.416634807222322823e-01 6.166613848305204648e-01 -7.725280633854117451e-02 5.839005104136885116e-01 -2.708793719950364220e-01 5.345839689457249078e-01 9.715753272423893749e-02 2.507938206534812697e-01
-1.074585637558127804e-01 -2.172745612256102299e-01 2.316258154295698646e-01 4.679506171838724859e-01 -3.137595827929676728e-01 7.402528586385567766e-02 3.332705192897580937e-01 2.856016573260012903e-01 -4.099888079071387637e-01 2.193495675252107036e-01
4.002431496622340101e-01 4.049107922785907809e-01 -2.021976616411063077e-01 -7.416356263209671063e-02 1.757295494315577467e-01 -4.994271520925640251e-02 -1.277356256058870612e-02 3.709466145921203051e-01 -1.493786093979025398e-01 3.076725675281994921e-01
2.101196958263054637e-02 4.979310117577191996e-01 -4.361923954362086908e-01 2.641182805346550810e-01 -2.120192940224327749e-01 1.592242056254668248e-01 1.122499116945456649e-01 -2.182128220756390791e-01 -2.539937490929656816e-01 9.804181593019868635e-02
-5.267747287444732862e-01 2.139115851888571396e-01 1.105910589739462629e-01 -3.892601363736966080e-01 2.554818695101083170e-01 -1.584714159421362067e-01 3.596830692976875077e-01 -1.209257784952774695e-01 3.232215562193411773e-01 -3.509837622545585595e-02
-1.874520543293020647e-02 -1.659636555265844582e-01 -3.265431465959643398e-01 -5.000865082261110039e-01 -5.842743854980340240e-02 4.217340660240936900e-01 -3.353000227318681525e-01 -5.098414047450735564e-01 2.582816122297423300e-01 1.419118892674221255e-01
1.002742582975960639e-01 -1.129406819263193001e-01 -4.781545450110530338e-02 -4.231776036198331425e-01 9.903458315928795330e-02 -3.063896948398765474e-01 -3.422773016498663612e-01 -2.632187561500968220e-01 1.141871024393779563e-02 -2.651145861869175224e-01
1.911742410194495201e-01 -4.764092797611003127e-01 -1.627348497929800297e-01 7.718610755654668060e-03 -7.112813461848464802e-02 -6.422127704797296610e-02 4.457456809230590511e-01 4.038627871581934037e-01 -8.157358414310787731e-02 -5.046714606735478448e-01
1.383341193585494178e-01 -2.170778086261704598e-01 -9.071305938334871255e-02 -1.891737120105124181e-01 -7.989274424385642281e-02 -4.992995942968920242e-01 1.408895208162634360e-01 -4.845111473126426094e-01 6.057929683211011884e-01 -1.757270731278753884e-01
-5.101052757507058555e-01 -5.634352609435927528e-01 -4.063950323126141462e-01 -2.748863345031194449e-01 -5.833537410453792926e-02 -3.110538819289958568e-01 -1.204656098304516254e-01 4.032713827752905655e-01 2.646667881981968340e-01 1.937158067917591972e-02
1.351367676643458193e-01 -2.396176080092496108e-01 -1.879022556998379556e-01 -4.229439771607594878e-01 -3.992839877898973211e-01 -2.752466023935485895e-01 -3.031442116277242027e-01 5.535552881723662111e-01 -2.693336366569202278e-01 -4.293967916289632980e-02
2.874007330148848904e-01 -1.970485327531968922e-01 -2.847739139848990964e-01 3.461676221092466754e-01 -2.084845130905135513e-01 -2.164625575253058820e-01 -5.592089188395286958e-02 -2.535714671472559800e-01 7.030450576637113647e-02 -1.283179079568454450e-01
1.946681809873788693e-01 3.362612148731607964e-01 4.016101777265602135e-01 -2.539085378092583722e-01 -2.577849389597497431e-01 -4.649701785014176969e-01 1.533013120438453669e-01 -1.384964705256753192e-01 2.589034065742962243e-01 4.167201800770702902e-01
-3.642760223488819005e-01 3.569728105383537797e-01 1.424656794415534583e-02 -2.577599263871202528e-01 4.163295176973028783e-02 4.668708316395517866e-01 3.590735766392255113e-01 4.890591030332075428e-01 -2.287048505244202168e-01 1.831705176134074131e-01
2.973670623076830055e-01 -1.873217152740774549e-01 4.320704896837236353e-01 -1.623759933069237882e-01 -2.107074325304148510e-01 -5.262764489610179952e-01 -3.907567816617188439e-01 -4.800797364812869339e-01 -8.310931896904229232e-02 2.877787211108111531e-01
-3.684357898266096276e-01 -2.755380469414169808e-01 5.788423839199585696e-01 -3.382717071293795952e-01 -2.538012472977486944e-02 3.609588428236197855e-01 2.888768494364516437e-01 2.503187284896759568e-01 9.809625144557309467e-03 3.566431196487093169e-01
4.265380846671472659e-01 7.165112435057783280e-01 -4.699263643298764448e-01 2.785510139747131575e-01 -1.679825568385309165e-01 4.190156272080147182e-01 -3.312142064051783463e-01 -3.532319812775269186e-01 -5.137411309571719986e-01 1.425980512097611563e-01
1.256514339498980837e-01 1.504180473316677202e-01 4.343721186805373224e-01 4.263893918933698846e-01 -2.850127397603252066e-01 -3.632078090055726460e-01 -2.842795208034699650e-01 -3.716475950069310086e-01 -2.227572295748896369e-01 -2.941510025807085593e-02
-2.745721856945895767e-01 2.000185993302352749e-01 -1.108871665528855521e-01 2.232161316808966844e-01 -3.393279980425956133e-01 -6.587471066124463148e-02 -6.507376218698440740e-01 3.756775984068614904e-01 1.095486057117338596e-01 1.773249852269030979e-01
9.143732934965846659e-02 4.501035369102692751e-01 -5.055543001231152522e-02 -1.748551610071904239e-01 3.062646573818308404e-01 -3.590787153343411031e-01 3.484121221764456267e-01 3.351544218457740976e-01 -3.555969719675776408e-02 3.707636331216727643e-01
2.406222160075446870e-01 -1.298845601891480961e-01 -8.602428004554429908e-02 1.991718597572028349e-01 2.335644136863960774e-01 6.919749651819684377e-02 3.518059299623351593e-02 -3.824249180107970880e-01 -2.506909784682703202e-01 -2.644576183938863179e-01
-2.861613552943982342e-01 -4.526705006767397510e-01 3.291173523229162234e-01 -1.199269947722218232e-01 -2.192850199657797039e-01 -1.428921596108580216e-01 2.435274876578645831e-01 -3.586598844763084770e-01 -9.956371086989021513e-02 -8.826376195045645967e-02
-3.535372965338107187e-01 7.075497907958477883e-02 -5.965492604789381925e-01 4.894025474609377535e-01 7.785493328148364311e-02 -2.674303987950125139e-01 -5.325731802182860353e-01 5.302580388626602081e-01 3.982736267522435369e-01 -1.039801435792320206e-01
7.028315780995929296e-02 1.935010054796451884e-01 -1.913558867763384408e-01 1.348984875967741415e-01 2.403333975912263221e-01 -5.160252167495682496e-01 -2.320769982515641719e-02 2.866139771312548601e-01 -2.346135252719877273e-01 2.086177785632772064e-01
-3.177844894265751674e-01 5.048682748086615740e-02 1.239233327934953360e-01 -3.561922740367213791e-01 3.892765134453416986e-01 1.993581563227157238e-01 2.403927379462503788e-01 -1.288385496062837143e-01 -1.867002549247692156e-01 3.970747624570547529e-01
-2.103598582358363056e-01 -2.222610529462631102e-01 -3.829627274257066394e-01 2.671465358253139466e-01 2.566536391926150240e-01 1.986659202530639268e-01 4.096382247515085728e-01 3.385360023718205769e-01 1.670055988764931054e-01 -4.299728441933813872e-01
4.116574412921578108e-02 4.053069637327648134e-01 -4.644365902356759612e-01 4.588643884208793572e-02 2.125975952212494913e-01 7.965402968158818986e-02 9.863252441151525163e-02 2.899828804756397482e-01 -6.235511399563447438e-02 4.511486667625255742e-01
-4.898939146328558092e-01 4.565405242917937034e-01 2.930757025701474783e-01 6.785123439792406508e-02 2.314424232136533532e-01 1.006754947161833235e-03 2.655632702204767104e-01 -3.411389877032162121e-01 -5.377819511175881972e-01 1.968346921930304583e-01
3.683128432241725148e-01 -5.427995618555336160e-02 -2.149169122140227040e-01 -2.906046310478852535e-01 -1.070693050112534600e-02 9.622505097160366505e-03 6.390089090780233516e-02 4.433628416434912817e-02 -2.880513898416665053e-01 3.971851478408969238e-01
4.346445143687439200e-02 2.173389196693200076e-01 -4.870622679091148322e-01 8.563548057879991071e-02 -2.177504833451938404e-01 3.284235573075490189e-01 -1.925285442730827745e-01 4.296298484899894188e-01 -2.426466692394023406e-01 4.326680432514492525e-01
-6.327459777392586970e-02 2.835456458689528669e-01 3.601194950236864534e-01 -3.342843726456415365e-01 3.749169745110251251e-01 2.749120498098708842e-01 5.391736862723643942e-01 -1.131485107989631117e-01 -2.101933912521565251e-01 3.235382732415158502e-01
3.773577613486778226e-01 -4.761684610539684837e-01 6.960686068303850726e-02 -1.554783648258512563e-01 2.286783969209930656e-01 -3.219748309703163169e-01 -4.832592096470448434e-02 -5.795892258401216246e-01 -1.350832818900879195e-01 -3.703232170771321163e-01
-4.663999413269093175e-02 2.621996772216625970e-01 -1.724051799074330371e-01 3.711204490334076792e-03 2.873153789137378733e-01 -2.674980531014234941e-01 -2.662062089305813894e-01 -5.165375875115053583e-01 1.718042041346332927e-01 -1.102945516013963262e-01
4.367154376287233353e-01 4.315021882011810250e-01 -1.075808332384217136e-01 1.009028360835445559e-01 -9.526933387921769636e-02 -1.793894979676124712e-01 -5.384169182370526219e-01 -4.360977352345092317e-01 8.859523816907718952e-02 -3.462097120088158952e-01
-4.749634459166298533e-02 8.955047500640719860e-02 -1.961413947040565042e-01 -4.539655304447549194e-02 -3.447169995258433373e-01 -5.087723822834794296e-01 -2.287589165621833065e-01 5.548133198226607998e-01 -2.463724617195627575e-01 -1.471372989377138507e-01
-2.941185937576563658e-01 3.943689759729074318e-01 -2.318834113046365220e-01 -1.245235433720213031e-01 5.330019896274317270e-01 2.673831693672227283e-01 -4.205567264562278806e-01 3.296410298162456565e-01 -1.181510594901876154e-01 3.445929095996189129e-02
-1.587291071782430674e-01 4.657353764235904192e-01 4.615216469202176874e-01 -4.583488449795815600e-01 -2.500214791723310848e-01 1.873540074597405680e-01 2.714413257025747456e-02 5.040212527487665239e-01 -3.175609867679603515e-01 4.578807770929669840e-01
4.669212650849050572e-01 5.944797724339983408e-02 -4.018603622030585132e-02 1.983159896754547180e-01 -1.593616596043608002e-01 4.331464231631317330e-01 2.970514928760476514e-01 7.449470185963537328e-02 -3.795989016339871847e-01 -2.352510681691153682e-01
3.697810769674579889e-01 2.736297845313441779e-01 -2.704029638744752662e-01 -2.903734967965908575e-01 1.010704228937647914e-01 -1.414243737452418499e-02 -1.037991615809554999e-02 2.339048699839556267e-01 -1.046651277809060726e-01 -4.157256125209311537e-01
9.935226262035869171e-02 -1.760193112381804037e-01 7.838435805110153393e-03 -5.509389840714753322e-02 -6.868656686609769801e-02 -4.761133131589127820e-02 9.004374275499879565e-02 -3.970190776908082420e-01 -1.087078461546835823e-01 2.197478268142340763e-01
2.541115325894068855e-01 -3.735602360845106107e-01 4.389332521210868032e-01 -5.176868708655607554e-01 -6.923365974777261067e-02 -2.195596613438105804e-01 -1.336433322214686803e-01 -1.458485657490140031e-01 -3.283119532004977748e-01 1.205511550481043054e-01
2.026476415316783020e-01 -1.160736664535623897e-03 -4.392994542074021846e-02 -3.476439754008612826e-01 3.498177765831058661e-01 -4.219846833964541188e-01 -1.681748547341630207e-01 -2.055825080997364107e-01 1.904882737291355710e-01 9.596590515478240282e-03
4.858486541429977157e-01 2.815872814517059175e-01 -2.765704910203852784e-01 4.679448976416614725e-01 -3.413170057008380748e-02 3.042527622814554800e-01 -2.759926952289658009e-01 -3.703773273573445629e-02 -1.237536868337017620e-01 -4.183157610356490475e-01
-4.532556626929100663e-01 -6.558363892899255181e-04 -1.222418088243915762e-01 3.206403132595065930e-01 -3.692956329386837960e-02 4.444921036777268464e-01 4.371304566494704225e-01 -2.801584973886940277e-01 2.903846960907230379e-01 1.202369884097603814e-01
-2.551099812418967661e-01 -5.053683105979865642e-02 4.365744279842975195e-01 2.500329251732360744e-02 2.608015124843801047e-01 3.354815833599535946e-01 -2.019327578840510728e-01 -2.572255951541543295e-01 3.974035718595261835e-01 -3.942630482177525986e-01
3.808281252652541138e-01 5.251522446397911548e-01 3.794590433993188516e-01 -4.937693536038730846e-01 -4.600907930854651884e-01 2.521085552884412273e-01 4.202909274394010519e-01 -4.439690896007725818e-01 -4.212173368686423225e-01 2.456067455164299973e-02
6.428594417305572017e-02 3.374509520294756704e-01 -4.388882559700342800e-01 1.083625976642688116e-02 -1.555983746496097386e-01 -1.619317251978185934e-01 -4.355647943836488678e-01 4.080784666960814988e-01 -2.063127566373809674e-01 5.403527943217952823e-01
4.517677836652601031e-01 -3.943307851163762451e-02 -4.229029875185515430e-01 6.712420668381005595e-02 3.879483411344538113e-01 -4.129774188504417021e-01 -4.045943666970422403e-01 1.387304051732256016e-01 5.499366418853444266e-02 3.912625085289059279e-01
-1.972975097532348454e-01 -2.959051052305268215e-01 2.251564041994389975e-01 -5.094010011484091383e-01 -2.684441439420723885e-01 1.175069356526820402e-01 5.825833119520170550e-02 5.945368332493641134e-02 5.396324964409796587e-01 3.566836649784862479e-01
-4.777041755204335383e-01 1.464044207950564169e-01 3.850856593883418277e-01 2.341479712752368159e-01 1.774656364348025372e-01 -3.456203989714263791e-01 -8.539341665869960851e-02 4.031614357467419585e-01 -1.484027966323408221e-01 2.263634352660913104e-02
5.361704774247962046e-02 -4.191071316745124675e-01 1.283696907314161584e-01 -5.135889025476059189e-01 -5.930695926257739670e-02 -4.617063172357341316e-01 -3.524872637355839222e-01 5.796044363061250704e-02 -3.616702167804632384e-01 2.325360027021038944e-01
-3.077694016876092453e-01 1.092906270614620173e-01 3.654949805533310725e-01 4.068277492225411129e-01 4.782755679653840630e-01 3.043630778844408358e-01 -8.035681328665980616e-02 -2.646045318094568111e-01 -3.897800453058627990e-01 -1.861138538280072627e-02
2.402926629516549395e-01 -2.660427093325535425e-02 3.396678854837729689e-01 -3.162618936554237314e-02 1.375777110477371112e-01 -9.966836367649602180e-02 -3.115841033568523058e-02 -5.538866100971534534e-01 -3.110732483414137550e-01 -1.210125396826790684e-01
6.365831199374499816e-02 -3.214607724597402516e-01 3.753552014877685195e-01 -2.016201737430805413e-02 -3.920553668031020456e-01 -3.628539701243321258e-01 2.845244983923934101e-01 -5.741280204768833134e-02 -4.973309538647132100e-01 -2.273820337141012771e-03
-2.344924261966432055e-01 5.747816375654305476e-01 4.817949312224889535e-01 4.048125531911256902e-01 1.666371840317768666e-02 -1.357664393720226237e-01 -7.412394873111093942e-03 1.716866943087932973e-01 -1.861484931579127922e-01 1.139019647216280989e-01
-2.132185251734896592e-01 -3.676738956717809925e-01 -2.880911572595698522e-01 -4.731277130912781015e-01 2.344656426037999009e-01 -1.409375744354160187e-01 5.368955238328979723e-02 -4.035521465449390943e-01 4.846952149946798794e-01 -2.587489514491651543e-01
2.631502330650848515e-02 -4.009110526014139086e-01 3.838297243467838626e-01 5.989634440327641076e-04 2.395066717485161700e-01 3.444358828611382428e-01 -2.075002632203346853e-01 1.052544426207653455e-01 3.572446092487251978e-01 4.383307268651543964e-01
-3.925940900714694481e-01 -3.088485448345796303e-01 -4.609436767159160175e-01 1.217793893490463908e-02 -3.687546768421692267e-01 6.072449941443320842e-01 1.870174600262681508e-01 -3.545627187577158335e-01 -4.153121889644356135e-01 -2.472710637268428838e-02
2.500469690049661464e-01 2.539186154928363415e-01 3.751643715683913860e-01 3.950161901588997160e-01 4.715578614447861472e-02 2.824965618081759500e-01 3.717361956716938587e-01 2.123988723052435135e-01 -2.060083363766167797e-01 3.818230044211014529e-01
2.869654809106924054e-01 -1.846517735135820015e-01 -2.715302860523624018e-01 3.596047793266422821e-02 7.130077841925033799e-02 -4.134075277909816104e-01 -2.656268056466982719e-01 -4.907897074146146954e-01 -2.709237477595251992e-02 5.424098616711076071e-01
3.530068768686064340e-01 4.529260799894937461e-01 2.017636334930279496e-01 5.145179844256794199e-01 -4.216732875178471618e-01 3.111036798387443736e-01 -3.701305716214149943e-01 3.956506723839330886e-01 -1.531826076593144903e-01 -4.540568328327594938e-01
-4.584453980392383943e-01 -4.649690049136656067e-01 3.057415907218233864e-01 -3.943951795787786208e-01 3.060858805739730126e-01 5.813278499152615408e-01 4.102587964624317962e-01 -2.580066960510001284e-01 -4.254149339870419433e-01 -5.290100002827399228e-01
-2.799766032139120592e-02 1.102532311281600036e-01 -1.231101390204133728e-01 -4.672848591944022689e-01 -4.890181240252285400e-01 4.829098344233538342e-01 -3.162689935836052180e-01 4.112247042438201272e-01 -2.966674736803212586e-01 -1.621323304140555865e-01
-1.218374127924668274e-02 3.378121408091707689e-01 3.500056454431089148e-01 -5.457739442614113479e-01 7.130568318578724973e-01 -3.827288543304382951e-01 5.055065265226303950e-01 -4.590703572058797977e-01 1.323634528850069171e-03 3.716188621517286239e-01
2.793163632057202861e-01 3.309508077211220090e-01 2.188249345964051185e-01 -1.165753509540993216e-01 4.427936186161742782e-01 -4.855217884589539956e-01 3.732556044305253562e-01 1.055507073928841910e-01 -2.871560155748967280e-01 -3.085914854650438910e-01
5.969775968535879773e-01 -1.693601905809443697e-01 -3.911674639799305742e-01 -2.795082787291550686e-01 -5.696235096933290887e-01 2.982949559575851506e-01 -3.088299660324301255e-01 -1.657214604169977012e-01 2.075670544887961520e-03 3.664336916350203754e-01
2.221697827340171072e-01 -2.222791410812385293e-01 2.297299705690708516e-01 -3.032617798932504827e-01 -1.182644132002302895e-01 2.437419788799902731e-01 2.208022028352189803e-01 7.171219363190491948e-03 8.002987090995068720e-03 8.239023128697806064e-02
-4.087196573183004000e-01 1.928109454389467237e-01 -6.501170612265166904e-02 5.177364165601543861e-02 -1.575320821950267070e-01 -4.337331658929763911e-01 4.160789782166540718e-01 4.144009744105156545e-01 -1.091982488545518298e-01 3.975792683641674041e-01
-4.299009697586301249e-01 -3.656461397738173802e-01 1.768592678960438369e-01 -3.689421229574744165e-01 1.682549017973849759e-01 4.319969154022159086e-01 -8.022356384033238474e-02 2.066716631162909545e-01 4.525112905007336872e-01 -2.396381821575560567e-01
-1.546272609511302742e-01 -5.373885453604887452e-01 5.330048072035517004e-01 -1.186094913202109385e-01 -3.922800582389988633e-01 1.578758614893360432e-02 1.528941415248515345e-01 -3.932907436955543901e-01 1.403386502167761757e-02 -3.266094774340075335e-01
1.336299735637424269e-01 -3.356575977990693405e-01 -3.835263171663091941e-01 1.009131642830544129e-01 8.010210175179967307e-02 3.154211316859151792e-01 -3.830283832373257424e-01 -1.599922227618095702e-02 -6.660770742454223681e-02 7.917822692275412744e-02
2.553053340681121774e-01 7.202428840391365827e-02 2.102801156427485385e-01 -3.044977547258639894e-01 8.023335065684859824e-02 -7.164044795734778037e-02 3.438977080647288020e-01 3.269947483361199669e-01 1.945939723918477249e-01 2.473930944101263019e-02
-2.129403020161534793e-02 2.015930069194561136e-01 3.725574921478185808e-01 -4.897898098091367780e-01 -2.764785032780504026e-01 1.047792416956185302e-01 3.515873940613961635e-01 -1.795381421510907072e-01 3.891224625097061685e-01 3.477036540537283282e-01
-4.494858976620694918e-02 2.511874307217852320e-01 -1.828072710602938189e-01 8.062278437367235984e-02 -3.088778706623506246e-02 -1.159741288326319314e-01 -1.312923576708251161e-01 3.946126330799813453e-01 1.057750010146081693e-01 8.986780454032705645e-02
7.108538118945222084e-02 -4.466783494260135878e-01 2.129339623237135604e-01 -5.395091359007179177e-01 -2.149761859048741463e-03 3.577127552007429712e-01 -3.508646214930610241e-01 -2.838571875389062082e-01 -3.321214267308263968e-01 1.807359280998968587e-01
-3.846034775312558995e-01 -9.298449653269704254e-03 1.906365646430378258e-01 2.693196577386896551e-01 4.968366841825460067e-01 8.261327989669190949e-03 4.057559045064420000e-01 2.238998353332689872e-01 3.617387331161651121e-01 2.567109587673165327e-01
-1.043588547145413159e-01 2.814369878627533961e-01 -3.042602969640755273e-01 1.766107383489313176e-01 -1.757139235133131083e-01 -8.234024002720111840e-03 2.831085707623869907e-01 4.223911585620003795e-01 3.562575227203199635e-01 1.223813166321561091e-01
-2.512967360074551681e-01 1.257096481269671592e-02 -5.518022369931724347e-01 3.217447654982240612e-01 -2.116545013475478187e-01 4.429462303432609160e-01 -3.979323222129283466e-01 3.285682382531361356e-01 9.710068967687483787e-02 3.682164023954151433e-02
-3.390517091947562595e-02 -2.056436509990250683e-01 -2.077930293548136409e-01 -6.538190770559275389e-02 -6.394395378712290634e-02 -2.488178103539315927e-02 -4.186154968553850164e-01 -1.811195418455923134e-01 1.209796303269126821e-01 4.413554787089330467e-01
-1.961356583052276392e-01 -4.495045837360003294e-01 3.900140950324322286e-01 4.822693778054631952e-01 -2.685588737493610489e-01 2.838385731694104130e-01 -4.153142720957268830e-02 3.835097952978389763e-02 2.313754177801621847e-01 7.833540592931140245e-02
-7.425510344786169503e-02 -3.407499861980487488e-01 -2.650978751492998331e-01 1.515797319414555755e-01 -4.536863423067930001e-01 -1.746348304578177468e-01 5.842869340195239181e-01 -2.205422455838051132e-01 1.948181223876333523e-01 -1.825260020979050934e-01
-5.424012605266271825e-01 -2.664716182414321177e-01 -1.592898126829379035e-01 3.416748451878932613e-01 1.505414381893049047e-01 -7.831768045682165058e-02 -3.196242333646019951e-01 -7.148573911528144365e-02 5.413667377328925528e-02 3.493168046481440747e-01
5.211472385001600927e-01 -5.269489110755286587e-01 3.490007247893618936e-01 -1.622731335747435721e-01 -3.949443970471699927e-01 5.268267191206575661e-02 -1.339198613676632899e-01 2.280141028478306908e-01 -2.948689989243364895e-01 -2.584399283461443625e-02
-4.292155074061600184e-02 -1.395380731754417361e-02 -9.008953506549059742e-02 -1.087513184693524870e-01 -3.192901683184848349e-01 4.997962998301156562e-02 3.795658941456547253e-01 2.909254254377478532e-01 -1.896238630760918586e-01 4.008259908187333798e-02
-2.857528382219552410e-01 4.276264474808507132e-01 -2.452048588124253470e-01 3.342559704657716568e-01 5.083740410651833574e-01 2.539405068552620381e-01 -1.962188147531253868e-01 -2.318335958718523160e-01 4.416432458778732362e-01 -3.795479790612130144e-01
-4.206772183155470524e-01 -3.351081629489954805e-01 -3.011562204840713131e-01 1.983680995467544395e-01 -3.773179514381800881e-01 -9.075031089601907908e-02 -2.771008100443947963e-01 -1.878303950107532982e-01 1.742201562489818500e-01 -3.553673727075011279e-01
-5.263069914045940267e-01 3.956848211477805854e-01 4.253138946424606104e-01 2.765397300548567139e-01 4.494824580060513552e-01 4.025075624078387482e-01 7.425720571020263949e-02 -3.279770503597175257e-01 4.129762658077176241e-01 2.266877806667526585e-01
-1.342785950096382630e-01 -4.163425771023801514e-02 -4.421196497301682626e-01 8.589742260328225854e-02 1.040064751811251714e-01 4.535766248281781210e-01 -4.611581029240341967e-01 1.303933539889757243e-01 -8.686423577651071481e-03 -4.153150312057641291e-01
3.137092560496863025e-01 -1.377025334072722040e-01 2.392336621981757672e-01 4.842162833395434185e-01 1.971574115839893337e-01 -2.224214170100461546e-02 -5.477035914964031305e-01 5.377640923885865787e-01 -5.812896636650168730e-02 -4.717560522509078313e-01
1.293949919586832309e-01 9.661456355776892879e-02 -2.337418688440311976e-01 -1.820768650442640690e-01 3.419532827893049243e-01 -4.097001938804811227e-01 -1.505554064673111647e-01 2.915638950959786521e-02 4.198450995143311326e-01 7.576430076814614015e-03
3.866464696954155511e-01 4.861645708729163129e-01 7.471255294532212765e-02 -3.414501959880596460e-01 1.207308621734593801e-01 2.124889053726967680e-01 5.597091982089500428e-01 4.160133389701948792e-01 8.551030133001867595e-02 -2.090730918153057422e-02
-4.374173152545738057e-04 -3.624479544742676418e-01 -2.951107256856237981e-01 3.567231525382726920e-01 2.475351772858433996e-01 3.099711932978175058e-02 -1.004890386057459284e-01 -3.549585972997396088e-01 -4.031146900970323382e-02 -3.945601302428207169e-01
3.910610004803375950e-01 -4.848844719241106604e-01 -4.195278545675906745e-01 1.719256623785511418e-01 1.598580822443775584e-01 1.130991702465948129e-01 2.112270863773210439e-01 1.096983184858349170e-01 4.503140121518998118e-01 -3.452726695343026897e-01
1.775947026166557752e-01 1.244181329066176012e-01 -2.255184923702075461e-01 4.441914055398068495e-01 -4.156091374244182957e-01 -1.425645371830530916e-01 1.444878148816781949e-01 3.140702939208690481e-01 2.491377653288561200e-01 -1.386765207124997790e-01
-1.223360718338016434e-01 5.329252980584886501e-01 -2.733302431345979167e-01 4.820909507026082536e-03 -9.006398758376608134e-04 2.989855443726254780e-01 5.353161655043683909e-02 -7.112610138268706805e-01 -6.565055553221287032e-02 1.323761970201804139e-01
4.119137869989786815e-01 1.471480071472092144e-01 1.483227802106936166e-01 -1.113203175464471395e-01 3.704603932905801700e-01 -5.179005159610744480e-01 -3.148665112307495462e-01 -5.687520319304274763e-02 1.040898574859464298e-01 -2.836829104524927203e-01
-3.454017574762537346e-01 -5.134207098079537207e-02 -7.819679468511872567e-02 -1.440846373566355143e-01 6.888020363901084520e-02 -3.444852361314694189e-01 -1.750182621383505610e-01 1.416811440360961627e-01 -1.614216960547240898e-01 -3.924347399693790539e-01
-3.141147979165697657e-01 2.631925129638394423e-01 3.728615855749186081e-01 -2.866804956403490312e-01 2.614613449899574893e-01 -3.820416624928678617e-01 -1.161889050789497585e-01 -4.607649848767110812e-01 1.709788444152137987e-01 1.907490418036520419e-01
3.751819227864924278e-01 -1.334967867380634499e-01 3.152088991110346683e-01 -3.828889982287637661e-01 -2.770031709746277881e-01 -4.541746114924203881e-01 -7.094741812245661250e-02 1.520480704742973588e-01 8.816435970402242139e-02 1.279358839519123825e-01
3.081187494075429134e-01 6.774890443211907531e-02 4.236967122353409443e-01 4.052387315749745311e-01 -3.068157528705668935e-01 -3.012431131218690217e-01 -4.162618419606299303e-01 -3.390293277805478400e-01 2.557082498213776312e-01 2.700880802996022956e-01
3.481914514355086698e-01 -3.147714860861298147e-01 -2.086102351953786072e-01 -3.018550414326426345e-01 2.823961806205230185e-01 -2.741717306507631124e-01 4.192395411826874141e-01 -4.626230398407494282e-01 1.299700852024229525e-01 4.325198932483267922e-01
-2.188599088908381451e-01 -4.961471917253546526e-01 -3.474771510883827852e-01 2.701840429671292787e-01 -2.099396507153214464e-01 -5.074757700042236142e-01 4.973816753039494998e-02 -2.381524080427922518e-01 -3.404316576253779147e-01 4.998006116502564516e-02
3.128953920595680671e-01 3.161790783424365814e-01 -1.049780812082995868e-01 -5.503374852029665337e-02 2.261816992924424730e-01 -1.514653795047663509e-01 3.298242290413994082e-02 -1.626083143282911203e-01 3.449227915901399016e-02 -2.950402940922234873e-01
-1.541806354777159327e-01 2.064137263927343438e-02 3.777781304907273929e-01 -4.357155434285489015e-01 -5.590621599845212175e-02 4.120679028837963553e-01 1.398354647464765399e-01 3.052100745329546297e-02 1.901050980469339291e-01 -2.340018572944209674e-01
-6.359065166011364234e-02 1.484779181313713448e-01 3.211223589744009455e-01 -5.081236372565032383e-02 -2.362696482015911037e-01 1.470637252398906414e-01 -4.638512382848385129e-02 -2.971894154625576157e-01 -3.524174629422023863e-01 -4.233314689646872631e-01
-2.176972565999775455e-01 -8.310643724518479436e-02 3.402025165889396296e-01 -4.266860040334401472e-01 -7.598894743110646936e-03 -5.376326927112055898e-02 -3.307468395038681286e-01 -3.083863858435750283e-01 6.259171868635867719e-01 -6.887336390017480096e-03
-4.661864686397161894e-01 -2.142448041108042656e-01 -3.125411712600654757e-01 6.408558459417250386e-02 -8.791988276849803385e-02 -4.222123666666787734e-01 -1.005901086168473763e-01 2.545407028227312241e-01 3.156782192839370782e-01 4.684070594886032002e-02
3.084769486257525895e-01 9.533178866116391592e-02 -2.665876959329304130e-01 3.638517070481626231e-02 5.708603148991705512e-01 -3.401629025086260749e-01 -2.837521924417273356e-01 2.656276953091962212e-01 -7.647681761451920190e-02 -3.864352662626364676e-01
-2.909705042779267559e-01 -3.419593743904894012e-01 1.337123196375089862e-01 -4.655219732155137236e-02 2.249135307346036283e-01 4.697131323328790353e-01 3.384719147986114951e-01 9.470573808512502967e-02 -4.073435757218794584e-01 2.223794158802410714e-01
7.192463089225126227e-02 -2.864380737321028936e-01 2.247629766162240750e-01 5.002748582861618054e-01 4.426179827349200901e-01 -3.013283781816088469e-01 -1.960178047237361165e-02 -1.766379256238246320e-01 7.322727986615344686e-02 -3.096947304363305564e-01
3.850098174200921597e-01 1.129614960808577109e-02 3.802335702773369797e-02 2.180564314634222609e-02 -2.949689506225227076e-01 -2.423216647595026196e-01 -5.511047596351675544e-04 2.032600812672053781e-01 2.182870535598848416e-01 5.617163111616271798e-02
-2.629884949671030259e-01 7.086240325169637644e-02 2.081770720353920412e-01 -3.159844005784346321e-01 2.394156502204402015e-01 -2.118075597020195600e-01 -3.224862890214055811e-01 -7.603086632256741972e-02 -3.395160943494952566e-01 -4.945370180816098249e-01
2.675019670856896847e-01 1.686769075647539529e-01 3.640099439653826097e-01 -3.915659001759090319e-01 -1.098454462912738794e-01 4.702286970335061156e-01 3.757348959667902166e-01 3.070370661659989620e-01 -3.907907553406941847e-01 4.008123677615640923e-01
-5.300465823345702071e-02 -2.584625862837735544e-01 -4.124255571275848298e-01 1.110602665669796485e-01 4.473692761288921571e-01 1.582251196733497067e-01 3.707184500732483290e-01 -1.464533103514052172e-02 2.505653851264756926e-01 -7.040695760499243727e-02
-3.456733953672551096e-01 1.238164945056604155e-01 4.690494393295759346e-01 -4.529424606001472564e-02 -3.285708969309964478e-01 -4.207613655103891181e-01 -8.369861659189437031e-02 -4.666456359479522198e-01 -3.305426409108319641e-01 -3.067137460432854956e-01
-1.624016096249824292e-01 -5.566562357647554249e-01 2.571371707983544641e-01 -7.096665674566382531e-02 -4.134723469921402494e-01 -3.980718667123672727e-01 -2.469786892493106567e-01 2.713586996342807756e-01 -1.959078671642743574e-01 -8.878543201313736366e-02
-5.283223722776758668e-01 8.898682043291646082e-02 2.291590836970337497e-01 -2.302669792394629600e-01 -1.621193037372402612e-01 4.117660822385105779e-01 5.476067702325539133e-02 -1.152594804175255741e-02 5.075888724176881306e-01 6.238925955718103156e-01
3.755522360943495674e-01 -7.084697298536572763e-02 7.185971457396121698e-02 6.903812492971657389e-02 -4.776302426450880767e-01 -3.526199010969477965e-01 -9.355065729257691642e-02 -3.523448289911211284e-01 5.403247634686683676e-02 -2.109223955377600157e-01
4.631112941576400605e-02 2.018280492394657899e-01 2.410921694739165677e-01 1.483755438097847656e-01 3.653734713385414085e-02 -2.176668622373572615e-01 -2.054891153055523889e-01 -3.510492134266687825e-01 3.406034533213710414e-01 -6.884528362979602800e-02
3.965666397595291048e-02 -1.680450117265932519e-01 -1.920983359047152561e-01 2.218813344130123322e-01 -4.331679527963091525e-01 4.167063156822417014e-01 5.333133655932613681e-01 -9.777779543616599983e-04 -3.108530501170891358e-01 -1.514298133317175665e-01
4.982741022609459836e-01 -1.566489595447681793e-01 4.652029545498829743e-01 -5.316205716764335065e-01 4.830932051822868778e-01 1.671962526398964588e-01 3.417848206360646901e-01 -1.883365457382016606e-01 1.206197683801069065e-01 -4.142157025614355836e-01
-3.314047738685583222e-01 -2.880541558786302581e-01 -8.313464892098584857e-02 -1.469458812892774080e-01 -3.223959197957294159e-02 -2.838544803810767649e-03 -2.756082847203816799e-01 5.349420575032340919e-01 -4.219477046440232026e-01 -2.298847169791008727e-01
1.120095243970284649e-01 2.343639703650144401e-01 1.551094799278250613e-01 9.340269932945999276e-02 -4.149722508109308095e-01 2.889611588002949372e-01 -7.777471086255247079e-02 -3.183290557182746894e-02 2.213013550195895851e-01 3.650812998953257282e-01
-2.780180314206714964e-01 2.923353403428207709e-01 -2.857497923125364436e-01 -1.317564120413559636e-01 -2.393979755596882808e-01 1.666409535186848256e-01 8.788863544080420531e-02 1.927288270452363547e-02 -1.333351584742434870e-01 -1.089644766887791216e-01
-1.487648192922835233e-01 -3.368956471874982594e-01 -4.618414104630333972e-01 2.954151535273795426e-02 -2.829333824665304919e-01 3.369398958997954496e-02 4.394798311914246969e-01 -4.733686166594880396e-01 4.092865601500702000e-01 3.006738881069502892e-02
-4.272348540916965920e-01 1.857386967575478387e-01 -4.498633519615500842e-01 1.989003304456491983e-01 -3.681084042632060682e-01 -4.254942116537628882e-01 2.571964504405855889e-01 3.380542533124332727e-01 4.678372841417800521e-01 -1.909442745737834068e-01
-3.814282715558132697e-01 6.612740024008599560e-02 -4.453763115338029571e-02 3.625862241459644475e-02 5.378336162418929645e-01 -1.900274233096797549e-01 -2.268216880513712064e-01 1.608437537268650463e-01 3.438592442651360881e-01 1.024289882914835442e-01
-1.884633142182056686e-01 3.672347774203730264e-01 2.733376223188835330e-01 2.733515490034067463e-01 5.736528909773757068e-01 1.630272393856332103e-01 -4.264711361863108424e-02 -3.406111592406365074e-01 1.590085297540749509e-01 -4.987593361555403559e-01
2.033892738226341160e-02 5.226072147462496043e-01 -4.752719738924802151e-01 -3.889352468143053576e-01 -3.837823304770089372e-01 -2.660130724486433826e-02 5.216432066251357469e-01 2.237921158445856928e-01 1.203103340046484254e-01 -3.967088147114314345e-01
-3.284884603413267268e-01 -2.980606333110844552e-01 -2.366232571869711365e-01 1.378713739840748409e-01 -1.046900952468161894e-01 -1.089759501750771215e-01 -4.391758776525309105e-02 -2.130140245878032190e-01 -3.368092942385048083e-01 -1.571411219036216445e-01
4.111553650594416687e-01 -5.118505758834189789e-01 -4.154715233460208323e-01 4.642861531215838333e-01 2.655821280689257269e-01 4.676557122203091055e-01 -4.163100763029737861e-01 3.347339217564787583e-01 -3.138829089592807403e-02 1.306301648426936857e-01
-2.169162272600690666e-01 -3.232661764098396784e-01 -4.389578116273701314e-01 2.082642474744316463e-01 -3.360413531473985804e-01 9.676322179829040249e-02 1.771623085320276625e-01 4.296459520463849491e-01 2.715712974050967787e-01 4.131602416141761380e-01
-3.730021626287916003e-01 2.985413226548750201e-02 4.901657136473587806e-01 -5.583281156625852920e-02 3.266996365940490477e-01 -2.169922973890044959e-01 6.370664052285173184e-01 -2.264288479433461398e-01 3.064519875035675023e-01 -3.027162970410429144e-01
4.061876291787682586e-02 2.535913679268434473e-01 -2.236308398524464447e-01 -4.307418354114009862e-01 -3.482005329945253025e-01 9.719967217683882221e-02 -2.442004206244257347e-01 1.282580293842709995e-01 -4.799579479622807510e-01 3.663994890369380864e-01
2.505285450467262254e-01 -2.170160207719529222e-02 -4.193770563191647205e-01 1.515498699124124271e-01 1.469849408418886783e-01 3.238284053890108649e-01 1.946451672056977167e-01 3.832625028977386661e-01 2.860681609692008326e-02 -1.800532681966955095e-01
-2.301234968754543586e-01 -5.672724792557961582e-01 -1.752359367929736123e-01 5.097755190532913261e-01 -5.213063883493324058e-01 2.113092001240244877e-01 3.941196640284060915e-01 -2.144405112876243136e-01 -3.099132254904924944e-01 1.934417494558364758e-01
-3.272405492342389532e-01 -9.935229707005821531e-02 3.454736387981122148e-02 -2.642387592854837999e-02 2.887201460176562762e-01 4.446447338243111336e-01 -4.346534484916393937e-01 -2.326762581714756084e-01 -5.647347184561850308e-02 4.449433508817857152e-01
-1.574659741708262506e-01 2.027917382070927033e-01 -2.650127120750406795e-01 -6.398725363629870211e-02 -2.370360092926450390e-01 -3.697750280534027323e-01 -2.103910522313798548e-01 5.843031010425885352e-01 3.458973188215257455e-01 5.511355661566559594e-02
-2.503431008834429705e-01 2.744769532176131177e-01 4.104022651147120060e-01 5.076943944910011774e-01 -4.276279631944203685e-01 -5.329010771653138745e-01 -1.832083846257551440e-01 4.787216538515709496e-01 -1.150130727203766967e-01 2.462000943504168843e-02
2.735089916523322784e-01 4.988182889338304560e-01 -1.112626809142545775e-01 4.388050603722091769e-01 -1.574898928348016439e-02 -2.590570620202812813e-01 -5.409591649109408706e-01 -2.670728546650755764e-01 3.059370746249905348e-01 1.291941053662160888e-01
-4.956945084574271854e-01 -4.094415138493028850e-01 -1.325855127067398498e-01 1.786795137208651574e-01 1.934623724509851594e-01 4.202287899954863515e-01 -2.136210169295590655e-01 -1.946947281935619001e-01 1.224717464669522748e-01 -1.698686528001547014e-01
-2.274474451656292862e-01 2.023986691287373574e-01 5.200234203099399211e-02 -3.096897112632060467e-01 1.412689530294186646e-01 -2.909092273760872094e-01 1.994566577912516292e-01 -2.339747395401713392e-01 2.220861588975678591e-01 3.823991196582780527e-01
3.019049542486005322e-01 2.495631225865384273e-01 -3.186062836090636785e-01 5.359470738386766797e-01 3.975656819053598467e-01 -2.133211675690275810e-01 -2.608636482091192810e-01 -1.318450460310390537e-01 -3.781595352491608393e-03 -2.266615901174386938e-01
4.657002521696790298e-01 3.987850518472182970e-01 -3.999284131989119251e-01 -3.793594820297664372e-01 5.925863028326491810e-02 -2.366065853383184439e-02 2.614539556924602159e-01 2.914358994813939230e-01 -5.303446620217781154e-02 2.277230240485501600e-01
9.082990986677627610e-02 4.716655351783847205e-01 3.640698035331195737e-01 -1.394235203837713155e-01 -4.347858399606245317e-01 -1.896193989117910261e-01 -4.655524181968618280e-01 4.214972415265545447e-01 3.929962112964880405e-01 -4.780123654220863605e-01
-3.898120722295679852e-01 9.449481001286504089e-02 -1.233380022336962450e-01 1.652741974156056171e-01 5.266092062582653499e-01 -5.874860982951972677e-01 -3.528811050478737887e-01 2.554364108557620749e-01 -9.115014782439963270e-02 -3.074221259479459900e-01
1.271483344179113462e-01 -5.098185079713601908e-01 1.279226853688127663e-01 -2.904231360923317795e-01 1.204032053148678116e-01 -1.809466779791485680e-01 4.584243869840835817e-02 -2.578118457921398377e-01 1.606555111548214620e-01 -2.170264184438008281e-01
-3.948892684486359772e-01 3.647441299210141818e-01 -1.078287145430232435e-01 3.413903159892490158e-01 2.624954778624394858e-01 -3.616733137897550909e-01 -1.312441945599691628e-01 2.135848062267758363e-01 1.706295458586463282e-02 4.181607633561237880e-01
4.817529508552469975e-01 2.635807896963371019e-02 3.689492104702093989e-01 2.535980941184108883e-01 -1.701588743744196219e-01 5.141469103170346472e-02 1.554223282535809603e-01 1.365422699482290725e-01 -3.448845089786619078e-01 -8.956306522992298069e-02
-4.544271486192955067e-01 -6.549414378631647493e-02 -1.960526929707097354e-01 -3.296813173194028113e-01 -1.508329135006988841e-01 -2.176675929281015817e-02 3.974566521379735429e-01 -4.169738170507778126e-03 -3.142842430988803670e-01 2.253962324712508181e-01
4.814617709237082877e-01 -2.477874145945055673e-01 5.962532296008725419e-02 3.924444292592727535e-01 4.316706019981844666e-01 -1.219785997862417037e-01 1.717675286357363551e-01 -3.146647633614027550e-01 -2.844286626067923374e-01 3.763834409751136145e-01
2.023815522151891921e-01 -4.078496435923495977e-01 3.596254367463037616e-01 3.189087111012466336e-01 -5.598926092765873497e-01 -6.245381017000101176e-02 2.125271661323585859e-01 -3.315802171922647285e-02 2.091521025045604554e-01 -4.253607578583260551e-01
-3.716191568776993082e-01 5.058072813632040754e-01 3.933863304385718518e-01 -3.702081319838314566e-01 -2.861522971385705993e-01 -6.956532860059327916e-02 1.219365495363086138e-01 5.686251111427228500e-01 -4.210747506273871399e-01 1.928925416457846764e-01
-1.578264431575873705e-01 2.225986292670215361e-01 -4.973579423026897595e-01 -8.988618184604925399e-02 -2.659451660169860898e-01 -3.650427413120443942e-01 4.278698371449113358e-01 1.919311756121658274e-02 -3.379143952664508399e-01 -5.191501330563577099e-01
2.576065493478916779e-01 -2.807673998388606207e-01 5.368717003937790999e-02 2.075627799468152679e-01 -2.998259216688336018e-02 -7.946360973847267639e-02 1.089456849926907223e-01 -1.129846695656798877e-01 -1.798902781410648688e-01 1.705921469826954945e-02
2.679325978520826212e-01 5.106843465082720052e-02 2.734442349180031262e-01 4.439042198685184681e-01 3.436562613821014245e-01 -4.304672488768789829e-01 6.072828811955945788e-03 4.844537081330849149e-01 1.217129049277451691e-01 -1.057536647123380330e-01
-3.859690310319674467e-02 5.059677499957527906e-03 1.042234942159450499e-02 3.013951524805674187e-01 -3.005651615589256531e-01 -2.730845079676688103e-01 -1.181876650437501397e-01 4.750012174229228945e-01 3.566051406624209941e-01 -4.556805339591447623e-01
8.175582700738925901e-02 4.105834476667810096e-01 3.212361127290915830e-01 1.558653003584986596e-01 5.437251192654162235e-01 -9.349949570623722339e-02 2.837824025248125714e-01 -6.771794368309067003e-02 4.192948890603456769e-01 4.583982278345587191e-02
-3.746553501250068363e-01 -2.447588458609860074e-01 3.072829254614387051e-01 -2.681843060005978940e-01 -4.096913795656590973e-01 -5.560946438309257583e-03 -1.839637122145545423e-01 -6.595365300783727347e-02 -3.476970018587833833e-01 2.359139111305738265e-02
3.951028647334998145e-01 5.869072001506523556e-02 -2.140591836602543097e-01 -3.672360727420387883e-01 3.852787787618697779e-01 3.414159032904348079e-01 2.463455681745906900e-01 -3.602302150182455365e-01 1.731257114314956880e-01 2.190110502189020480e-01
-2.868934750237427944e-01 -4.056976603014721960e-01 3.774188125970929231e-01 -2.594052131707049735e-01 2.544200225937713888e-01 -9.959008165818145769e-03 2.126210713175854805e-01 1.025908987627430491e-01 2.932494080373053702e-01 -1.748639671595622613e-01
-4.143256597760840987e-01 3.155554844572965867e-01 -2.446518473655160675e-01 -1.190048212464343558e-01 -2.855205583855374707e-01 3.321400024565343556e-01 -2.415544084970984162e-01 6.288647389437372615e-02 -4.003816251760604072e-01 -3.872237463778110400e-01
5.045663509242144240e-01 -3.216840380190566506e-01 3.906178424148138983e-01 3.656266144768680615e-01 4.513651315186849033e-01 5.908520085680109279e-02 -6.999860839010306479e-02 -4.091511426856130340e-01 -2.984988633349041076e-01 -1.829364422652736688e-01
6.283733517257117374e-02 2.263645819037190254e-01 -2.423420511660139831e-01 -3.224572480708903233e-01 -1.937544456232348222e-01 9.040851065336939774e-02 -3.223589760666346615e-01 -4.655928243597180494e-01 -5.521632632602129220e-01 5.979440392207050620e-02
1.599845733278747739e-01 -2.343672442122604616e-01 -7.863337285017382716e-02 -2.805724137304868582e-01 2.672720642818477432e-01 4.225057866206886059e-01 -3.575565401697434198e-01 -5.012233822405500749e-01 -3.681826149673165238e-01 -3.018212909904351982e-01
-2.030492135120429975e-01 -2.774449328793052172e-01 1.770997235041609219e-01 3.534416493417357752e-01 -3.509322891768281716e-01 3.243259325905307189e-01 -4.795966642128828283e-01 -1.774853933914814497e-01 -4.830096722778359775e-01 3.250514233690355304e-01
-1.739079275604492603e-01 -1.427313531025761750e-01 1.142744021552453970e-01 -4.462513988181723290e-01 1.650968981563422436e-02 -4.025576874910705705e-01 3.340508400404466061e-01 -1.287001026311809238e-01 2.545758504886928564e-01 -4.417782628536174871e-01
-2.857375223736417086e-03 -4.787331176831164936e-01 5.300322989856630640e-01 4.154606169498407109e-01 -1.987223363117468153e-02 -1.072327982393397189e-02 -6.219256077749088507e-02 4.555716865556425632e-01 -4.141795613116213692e-01 3.795488060225267746e-01
3.767853731024098374e-01 3.992292541047693377e-01 -5.555522881057679552e-01 1.779475801909903288e-01 -2.543875847477351099e-02 -1.347527140022234671e-01 4.936995234141513533e-01 -7.732641084388119923e-02 -7.570059292000455575e-02 -2.873488202142147063e-01
3.001644498438326147e-01 -2.637108253778714384e-01 -4.487000753111780593e-02 1.858831878956796746e-01 1.399743284348460848e-01 4.331387881756111335e-01 3.008126783812814509e-01 1.701992047624499294e-01 -2.571626757276688768e-01 1.937688571302504936e-01
-2.223308570834187925e-01 1.993764811749713928e-01 -2.045108375713591276e-01 4.408311395930509247e-01 1.192294714630368901e-01 7.199022111664983570e-02 -4.351421358611756718e-01 2.268615045201399227e-01 1.919995065439552284e-01 4.249382927741526261e-01
9.699613085841124471e-02 -3.402690031326971454e-01 -9.142752774749395017e-02 3.927625849993421348e-01 3.474592619875150890e-01 8.893916509114112301e-02 3.516078012599078706e-01 -2.548533110730097362e-01 -4.588545746868281650e-01 1.894093268350601766e-01
4.247900274308092361e-01 1.039106867782842170e-01 4.598266111053646021e-01 -5.507628557714363410e-02 -9.572552974317495578e-02 -2.249910871780471666e-01 2.194433945625388072e-01 6.512455032124864207e-02 9.162591910749985635e-02 1.452779361374247624e-01
1.380008642406115038e-02 -2.672984115765365543e-01 4.088274258753106793e-01 -1.359133188958808469e-01 -3.861866756898664765e-01 2.796742666981244518e-01 -3.560155393190220230e-01 1.075691757373230806e-01 -8.843457044601997497e-02 4.338175735826826918e-01
-1.617007970042101950e-01 4.588108773777352378e-02 -3.598891109438707159e-01 1.134327703716021818e-01 -3.592264829451767283e-01 1.959017621753019189e-01 -2.741543106776840322e-01 -4.445996052556785427e-01 2.076751763212975610e-01 -2.543735327305558513e-01
-2.872337973461560612e-01 -1.041149165704504248e-01 7.458909172841278468e-02 -4.029724191777985798e-01 -1.727081897540712896e-01 -2.708462677760926085e-01 -3.490288499916797127e-01 -1.037050937637588460e-01 -5.816057090799196805e-02 9.671466433472193647e-02
-4.314043745766873439e-01 3.964734299399471085e-01 5.204842417849093322e-02 4.340296291708464760e-01 5.245816816519717207e-01 -1.260140834485610761e-01 -4.482565252701568026e-01 -1.766782141283466390e-01 2.085343383685570318e-01 -3.793680881345038447e-01
4.483617853916139345e-02 -1.372130863572143811e-01 1.457710957206794500e-01 6.123225119101214364e-01 4.589176986155750759e-01 -4.165758920425718381e-01 -2.372962920518948693e-01 4.609721768952870780e-01 1.251070539966465389e-01 -3.866923984785870516e-01
3.947348357651515594e-01 1.766338340598220744e-02 -4.844989385612562260e-02 2.719209076998977404e-01 3.435383471566192948e-01 -1.112473425582583553e-01 -3.806372708700517249e-01 -1.751621197447425782e-01 1.771661435679815211e-01 -1.952598368805160411e-01
6.808655562529059013e-02 -4.337492931874992741e-01 -3.053606338468153325e-01 1.465620729789705035e-01 5.147795478439833733e-02 4.517139722921493794e-01 1.468326870048953028e-02 -1.665027098581494669e-01 2.304849199730564513e-01 3.838640005294069457e-01
1.495836215740320441e-01 2.145677123594585956e-01 -7.002726126398213513e-02 -4.445748666009873840e-01 4.909190483781713521e-01 -7.666212108637801559e-02 -1.028395014829477927e-02 4.432031020449787584e-01 -1.743750626618572885e-01 5.729063831462447576e-01
2.302200836365243530e-01 3.439034392595251566e-01 2.639568042210348464e-01 1.632483315075569652e-01 -1.965512951528300412e-02 1.485106545400209366e-01 -4.518841586273981692e-01 -1.815153727175769782e-01 -2.597929254915292696e-01 -4.699906084148920415e-01
3.558958850363965198e-01 -2.793803498916115104e-03 -3.526428399502775091e-01 1.673899505668452747e-01 1.797011513155253593e-01 5.713802654764978117e-02 7.164008599772658803e-02 2.217846436594557089e-02 -1.351858601832482687e-01 4.784219353350748771e-01
-1.919229631998353169e-01 -4.254768056838729717e-01 2.486246989076396907e-01 -4.297853220038883593e-01 -7.499891994892166763e-03 3.830638655922797842e-01 -2.423473112671892526e-01 2.836832104005008182e-01 -2.616084672847185377e-01 9.146829905494154034e-02
1.057136980303085699e-01 2.981181426914596838e-02 2.495527106916828608e-01 -1.559335642678678913e-01 -4.875868829686730854e-01 -2.409344703456735570e-01 5.398024219968481363e-01 4.878710952296057002e-01 3.225802068453446914e-02 3.943638914357824876e-01
-1.479097062734064383e-01 3.385295312963543801e-01 -4.370369669360433806e-01 3.547245623360337774e-01 1.430920649419768764e-01 1.753206807902234488e-01 3.834082407729893505e-01 1.783261115302179900e-01 -2.676512955830624013e-02 -4.620131558913170844e-01
-3.486636956307557766e-01 -1.567427568520717018e-02 4.293106336688561897e-01 -3.341963903868199193e-01 -3.138021699257116381e-01 2.500367802655542593e-01 -6.831326208824324564e-02 -2.161740172591427311e-01 7.530879909170844211e-02 -4.797296277556286487e-02
5.497784904057529953e-01 4.951162901381209874e-02 1.453861552634191368e-01 -4.221418292592503119e-01 -1.097459450536500958e-01 3.001348222999032367e-01 -3.738878911963807727e-01 -2.485064332317451774e-01 -3.080701991127971495e-01 -1.762622882563195104e-01
2.353219330279717469e-01 3.051565141433155159e-01 -3.970949744698012984e-01 -5.792083120693170689e-02 3.598974741453411230e-01 8.876391547897913292e-02 3.460714513218310917e-01 3.677360437254287295e-01 5.819836322280745877e-01 5.136535614549745526e-02
3.804025656838438962e-01 4.410441441757750880e-01 4.582674722120662625e-01 -7.524694884291924235e-02 4.757997364830433840e-02 -2.903066760925678280e-01 -9.729392413303877829e-02 5.391415587835541867e-01 -1.700149728586846654e-01 -9.485249168101977935e-02
4.321487826837238644e-01 5.648566862270397726e-01 -2.484213560940697341e-01 -1.757264501859805983e-01 -1.002823404623450348e-01 -3.818121710290742765e-01 -4.241840862685301028e-01 1.778666829164498031e-01 2.237857429974349499e-01 -2.217855148417490208e-01
-4.826346321255048921e-01 3.231545871906393863e-01 -1.300277752252329833e-01 -1.777336799458598404e-01 -3.533274582589696622e-01 2.547514451416522663e-01 5.237238999220484859e-01 -1.892391229428236898e-01 -3.273815568895480643e-01 4.878685648519175411e-01
-2.827757124755320151e-01 -7.634938922013863316e-02 1.005860773935676050e-01 -4.347989512665546147e-02 1.428001437932728546e-01 4.223592876526281459e-01 -2.297012868315553291e-01 -2.008070205296857702e-01 3.747661857478527814e-02 -1.766018287655215790e-01
1.765645690248575650e-01 -1.875129061098604055e-01 -4.199822359024893981e-01 4.881729875403701957e-01 1.776752106439352108e-01 2.478331894800228086e-01 3.175562397059769060e-01 -2.908467234413227298e-01 1.147843725659783605e-02 3.608993011502343862e-01
4.346416787439275065e-01 -1.540090747393734194e-01 -3.113798971005344862e-01 6.684809491341105192e-02 -9.407623845271201324e-02 -1.910766035555772624e-01 -5.475460537987025811e-01 1.180432043879883069e-01 -2.106325139065316210e-01 -3.808020297526637510e-01
4.361602631752686254e-01 3.372798819852616536e-01 2.646345631423067113e-01 -4.006164805167421461e-01 -1.177966050680356036e-01 1.691518887366627033e-01 1.679800896795992371e-01 1.309658002552955003e-01 1.214421943922513042e-01 3.083922078345363582e-01
-1.614725015490489635e-01 2.898815032968903305e-01 -3.366769740399290223e-01 -4.004649974279734792e-01 1.021631853655903255e-01 4.252712085217790206e-01 2.865277580106104782e-01 -1.199202203505872616e-01 5.102452813838074253e-01 -8.869712462546150422e-02
3.670957188775066382e-01 -1.906888587430603799e-01 4.267284533555333881e-01 3.207938739829881425e-01 8.682136204100093790e-02 -1.531960565207599045e-01 1.403356346563709722e-01 3.772347664010733959e-01 -2.087222711253945706e-01 -3.435662331305339712e-01
2.856325566761567791e-01 3.053919803571145120e-01 -3.167549946089899537e-03 -2.236750045960913258e-01 -3.452362275643757750e-01 -3.016813809298179438e-01 -3.482559300196853003e-01 -3.542754221335101539e-01 3.116264500315324426e-01 1.916314905486106168e-01
3.133196333289082203e-01 -2.854924287439000175e-01 3.226720593622105504e-01 2.446980467623192379e-01 -9.692922492539492174e-02 -6.603549219691937089e-02 2.834147586008766220e-02 -4.760623211944306488e-01 1.360874040796231366e-01 -3.959201725305850350e-01
-4.693207973347400808e-01 5.197434554743388668e-01 4.543121509260023561e-01 -4.163866961779157383e-01 1.383643018059731167e-01 1.126234842331152036e-01 -4.710132379082936915e-01 4.095060589008389651e-01 1.852268585342799201e-01 -4.819461257757612360e-01
3.518122549112849828e-01 3.768762031968719284e-01 3.148334127333740368e-03 -1.884712818381774346e-01 1.960181271785425838e-02 6.170242687443164981e-02 -2.969909324364229386e-01 -2.265644819850273495e-01 -3.007449137361389302e-01 -1.121178374184827048e-01
6.316163545752899455e-02 -2.596367868827445524e-01 3.341803150372907871e-01 5.656352450799800868e-02 4.897511868114121092e-01 -3.637197048582474501e-02 4.690546795681306835e-01 1.361884489009614896e-01 -3.151783190056337003e-01 -2.236386094271004543e-01
-3.536865478135208241e-01 3.342385223165166841e-01 4.602220373927358721e-01 1.854256819092806874e-01 1.094025443561850580e-01 -2.352837945015005539e-01 -5.107405481400797420e-01 -5.050545451171495337e-01 1.457590559639504180e-01 1.679690263897398173e-01
5.696762000341645260e-01 4.364666789616680753e-01 6.969247387275617420e-03 2.878993884348585164e-01 -4.658546762483188330e-01 -3.220957835475142805e-01 3.398855921454810303e-01 2.941813282940310970e-01 2.477187265441222266e-02 2.918240881932738229e-01
-3.054106272601399552e-01 3.800629466487962654e-02 -3.404699873960990164e-01 1.754343309476894819e-01 2.687147584938113232e-01 1.023760138483038179e-01 4.123491136060851714e-01 -4.314439704080265114e-01 2.333397446075999027e-01 -3.092222673481023754e-01
-5.132755336136584495e-02 -3.704196537354086938e-01 -1.235527879168768633e-01 4.168732269297891757e-01 -4.443436043099089905e-01 -4.796580089739611030e-01 -5.286813784224385637e-01 -3.228168267201503294e-01 -4.084246882034005544e-01 1.919264498337184622e-03
1.546770996808535803e-01 4.352335758886564654e-01 -4.357367864472809216e-01 -2.437062484390080386e-01 3.981422137147944129e-02 -4.402083030712844458e-02 7.769630071729703713e-02 -2.840790707960050843e-01 -4.179221769656527585e-01 3.342525357150080145e-01
5.182021452406858630e-01 -4.222537110134411131e-01 -5.041122077134045920e-01 -4.722646811707921499e-02 2.593354553709897869e-01 -1.498940904061404622e-01 5.537509322718295879e-01 6.491306355186102217e-02 2.827084205525980942e-01 -4.500058895735516429e-01
3.107831564992126760e-01 3.621765108350954443e-01 -2.877162741895387121e-01 3.622128023020355081e-01 -2.978821160717985417e-01 8.962687380273039184e-02 -9.167146196252524970e-02 -1.964032498847002872e-01 -4.470015643907011560e-01 7.604482654687885756e-02
-4.576925009411477174e-01 5.080757758024198045e-01 -3.980783727885203738e-01 -2.163858022460185271e-01 6.302251247453957532e-03 4.610310733342916079e-01 2.422724221331161790e-02 -3.930709087481490949e-01 1.686203785094592955e-01 1.041219707779049430e-01
7.539345943725880850e-02 -2.441893444244971345e-01 -3.554289671789006566e-01 2.407129261070813098e-01 -2.507302742256352635e-01 9.276927988339170317e-02 -4.338453287665047231e-01 1.184414085709828562e-01 2.079819895161506005e-01 -5.681503515713014207e-02
-1.597666981130007324e-01 3.922949384087422997e-01 9.938984767597809633e-02 1.910572955401035611e-01 -4.044281765090168568e-01 1.750699262850821114e-01 5.761913529490844121e-01 -2.309531982526351890e-01 1.220247679217859038e-01 -1.768746479001001223e-02
